//Removed objects
RemoveBuildingForPlayer(playerid, -1, 186.4140, -107.2574, 0.7500, 0.2500);
RemoveBuildingForPlayer(playerid, -1, 180.7734, -108.8046, 0.6484, 0.2500);
RemoveBuildingForPlayer(playerid, -1, 182.9920, -93.6171, 1.2733, 0.2500);
RemoveBuildingForPlayer(playerid, -1, 165.9217, -107.6324, 1.2733, 0.2500);
RemoveBuildingForPlayer(playerid, -1, 196.7109, -121.4057, 1.2733, 0.2500);
RemoveBuildingForPlayer(playerid, -1, 201.0155, -107.6171, 0.8984, 0.2500);
RemoveBuildingForPlayer(playerid, -1, 171.4452, -93.4449, 1.2733, 0.2500);
RemoveBuildingForPlayer(playerid, -1, 1438.0937, 2655.2187, 11.4453, 0.2500);
RemoveBuildingForPlayer(playerid, -1, 1438.0937, 2656.8203, 11.4453, 0.2500);
RemoveBuildingForPlayer(playerid, -1, 1316.8828, 2860.0312, 9.8203, 0.2500);

//Objects
CreateDynamicObject(970, 3000.3669, 1447.8758, 51.7168, 0.0000, 0.0000, 270.0000);
CreateDynamicObject(1346, 2843.1870, 1287.0030, 11.7419, 0.0000, 0.0000, 270.0000);
CreateDynamicObject(3810, 2855.8049, 1296.1400, 14.3020, 0.0000, 0.0000, 0.0000);
CreateDynamicObject(3810, 2855.8049, 1285.4759, 14.3339, 0.0000, 0.0000, 0.0000);
CreateDynamicObject(3810, 2842.0080, 1296.1280, 14.4370, 0.0000, 0.0000, 180.0000);
CreateDynamicObject(3810, 2842.0080, 1285.5920, 14.5768, 0.0000, 0.0000, 185.0000);
CreateDynamicObject(2252, 2822.8190, 1308.8719, 10.5030, 0.0000, 0.0000, 0.0000);
CreateDynamicObject(2252, 2816.4350, 1308.7740, 10.5038, 0.0000, 0.0000, 0.0000);
CreateDynamicObject(2252, 2816.5959, 1272.1048, 10.5017, 0.0000, 0.0000, 0.0000);
CreateDynamicObject(2252, 2822.9431, 1272.0600, 10.5108, 0.0000, 0.0000, 0.0000);
CreateDynamicObject(870, 2819.9470, 1287.6529, 10.2030, 0.0000, 0.0000, 0.0000);
CreateDynamicObject(869, 2820.7719, 1294.0980, 10.4110, 0.0000, 0.0000, 270.0000);
CreateDynamicObject(871, 2819.9160, 1275.0887, 10.2440, 0.0000, 0.0000, 0.0000);
CreateDynamicObject(1364, 2856.5930, 1281.9499, 11.1750, 0.0000, 0.0000, 90.0000);
CreateDynamicObject(1364, 2856.7780, 1299.5920, 11.1750, 0.0000, 0.0000, 90.0000);
CreateDynamicObject(751, 2880.4970, 1264.1927, 9.8978, 0.0000, 0.0000, 0.0000);
CreateDynamicObject(750, 2885.2949, 1280.5367, 10.7868, 0.0000, 0.0000, 0.0000);
CreateDynamicObject(19324, 2847.3959, 1294.8929, 11.0310, 0.0000, 0.0000, 0.0000);
CreateDynamicObject(1776, 2851.2160, 1286.7060, 11.4898, 0.0000, 0.0000, 180.0000);
CreateDynamicObject(1359, 2841.6708, 1296.2530, 11.0888, 0.0000, 0.0000, 0.0000);
CreateDynamicObject(1359, 2856.3020, 1296.1650, 11.0888, 0.0000, 0.0000, 0.0000);
CreateDynamicObject(1359, 2856.1740, 1285.0749, 11.0888, 0.0000, 0.0000, 0.0000);
CreateDynamicObject(19957, 2833.2539, 1387.2779, 9.8978, 0.0000, 0.0000, 0.0000);
CreateDynamicObject(994, 2037.3072, 994.6491, 9.9158, 0.0000, 0.0000, 630.0000);
CreateDynamicObject(18981, 415.9840, -49.8847, 1010.8380, 0.0000, 90.0000, 0.0000);
CreateDynamicObject(18981, 421.8038, -68.5727, 1011.0728, 0.0000, 90.0000, 0.0000);
CreateDynamicObject(18981, 397.8479, -69.9240, 1011.0709, 0.0000, 90.0000, 0.0000);
CreateDynamicObject(18981, 397.3298, -50.1240, 1010.8969, 0.0000, 90.0000, 0.0000);
CreateDynamicObject(19380, 259.6188, -17.1289, 954.5029, 0.0000, 0.0000, 90.0000);
CreateDynamicObject(19454, 445.2828, -66.1176, 1017.1090, 0.0000, 0.0000, 0.0000);
CreateDynamicObject(19454, 447.9288, -68.7320, 1011.4190, 0.0000, 0.0000, 0.0000);
CreateDynamicObject(19454, 452.1650, -62.5088, 1016.0938, 0.0000, 0.0000, 0.0000);
CreateDynamicObject(19454, 451.1560, -46.1268, 1020.6409, 0.0000, 0.0000, 0.0000);
CreateDynamicObject(19455, 1214.7087, -29.6420, 1001.7108, 0.0000, 0.0000, 0.0000);
CreateDynamicObject(3802, 162.2812, -99.8927, 4.2336, 0.0000, 0.0000, 0.0000);
CreateDynamicObject(3802, 205.4355, -99.9029, 4.1128, 0.0000, 0.0000, 180.0000);
CreateDynamicObject(3802, 205.4355, -115.3115, 4.1083, 0.0000, 0.0000, 180.0000);
CreateDynamicObject(3802, 162.2825, -115.2536, 3.9781, 0.0000, 0.0000, 0.0000);
CreateDynamicObject(1302, 165.4678, -107.5820, 0.5486, 0.0000, 0.0000, 90.0000);
CreateDynamicObject(1302, 202.3697, -107.7274, 0.5465, 0.0000, 0.0000, 630.0000);
CreateDynamicObject(2745, 183.8742, -107.2854, 2.2320, 0.0000, 0.0000, 0.0000);
CreateDynamicObject(1256, 142.4579, -113.6781, 1.2374, 0.0000, 0.0000, 360.0000);
CreateDynamicObject(1256, 142.4933, -99.9596, 1.2374, 0.0000, 0.0000, 0.0000);
CreateDynamicObject(1256, 160.5363, -81.4643, 1.2374, 0.0000, 0.0000, 630.0000);
CreateDynamicObject(1256, 178.4664, -81.5298, 1.2374, 0.0000, 0.0000, 630.0000);
CreateDynamicObject(1256, 188.8753, -81.4020, 1.2374, 0.0000, 0.0000, 630.0000);
CreateDynamicObject(1256, 202.9929, -81.4906, 1.2374, 0.0000, 0.0000, 630.0000);
CreateDynamicObject(1256, 223.3950, -93.7332, 1.2374, 0.0000, 0.0000, 540.0000);
CreateDynamicObject(1256, 223.3838, -107.4383, 1.2374, 0.0000, 0.0000, 540.0000);
CreateDynamicObject(1256, 223.1806, -129.7510, 1.2374, 0.0000, 0.0000, 540.0000);
CreateDynamicObject(1341, 142.6499, -119.6089, 1.5549, 0.0000, 0.0000, 180.0000);
CreateDynamicObject(869, 186.9134, -108.3002, 1.4227, 0.0000, 0.0000, 0.0000);
CreateDynamicObject(869, 180.2503, -108.6156, 1.5398, 0.0000, 0.0000, 0.0000);
CreateDynamicObject(2253, 177.9664, -104.4458, 1.3035, 0.0000, 0.0000, 0.0000);
CreateDynamicObject(2253, 177.9976, -110.5156, 1.3035, 0.0000, 0.0000, 0.0000);
CreateDynamicObject(2253, 189.6790, -110.4645, 1.3035, 0.0000, 0.0000, 0.0000);
CreateDynamicObject(2253, 189.7465, -104.4179, 1.3035, 0.0000, 0.0000, 0.0000);
CreateDynamicObject(869, 180.7474, -106.1595, 1.5635, 0.0000, 0.0000, 0.0000);
CreateDynamicObject(869, 187.6190, -106.0475, 1.4729, 0.0000, 0.0000, 0.0000);
CreateDynamicObject(1359, 142.4980, -115.5463, 1.2766, 0.0000, 0.0000, 0.0000);
CreateDynamicObject(1359, 142.4842, -101.8703, 1.2766, 0.0000, 0.0000, 0.0000);
CreateDynamicObject(1359, 158.6071, -81.3859, 1.2766, 0.0000, 0.0000, 0.0000);
CreateDynamicObject(1359, 176.5428, -81.3451, 1.2766, 0.0000, 0.0000, 0.0000);
CreateDynamicObject(1359, 186.8491, -81.4916, 1.2766, 0.0000, 0.0000, 0.0000);
CreateDynamicObject(1359, 201.0345, -81.5462, 1.2766, 0.0000, 0.0000, 0.0000);
CreateDynamicObject(1359, 223.0941, -91.8423, 1.2766, 0.0000, 0.0000, 0.0000);
CreateDynamicObject(1359, 223.1970, -105.6082, 1.2766, 0.0000, 0.0000, 0.0000);
CreateDynamicObject(1359, 223.5858, -127.7853, 1.2766, 0.0000, 0.0000, 0.0000);
CreateDynamicObject(2942, 1432.9089, 2655.0336, 90.0000, 0.0000, 0.0000, 0.0000);
CreateDynamicObject(2754, 1437.5443, 2654.3291, 11.2965, 0.0000, 0.0000, 0.0000);
CreateDynamicObject(1364, 1441.9027, 2644.3039, 11.2938, 0.0000, 0.0000, 0.0000);
CreateDynamicObject(1364, 1425.8116, 2644.5104, 11.1822, 0.0000, 0.0000, 0.0000);
CreateDynamicObject(1256, 2369.2810, 2306.3769, 7.8000, -0.3030, 0.0000, 630.0000);
CreateDynamicObject(3802, 1438.7203, 2659.0551, 14.7215, 0.0000, 0.0000, 90.0000);
CreateDynamicObject(3802, 1428.5190, 2659.0549, 14.7523, 0.0000, 0.0000, 90.0000);
CreateDynamicObject(3802, 1428.3254, 2645.2570, 14.6169, 0.0000, 0.0000, 630.0000);
CreateDynamicObject(3802, 1438.8542, 2645.2570, 14.6864, 0.0000, 0.0000, 630.0000);
CreateDynamicObject(1346, 1447.9713, 2644.6599, 11.6141, 0.0000, 0.0000, 630.0000);
CreateDynamicObject(1367, 1437.8006, 2657.9240, 11.0389, 0.0000, 0.0000, 0.0000);
CreateDynamicObject(2886, 1438.1036, 2649.1252, 12.0080, 0.0000, 0.0000, 630.0000);
CreateDynamicObject(956, 1437.6435, 2656.0124, 10.7966, 0.0000, 0.0000, 630.0000);
CreateDynamicObject(1775, 1429.2746, 2650.3425, 11.4904, 0.0000, 0.0000, 90.0000);
CreateDynamicObject(1256, 1429.3458, 2657.4367, 11.0520, 0.0000, 0.0000, 180.0000);
CreateDynamicObject(2240, 2367.3737, 2306.6477, 7.7388, 0.0000, 0.0000, 0.0000);
CreateDynamicObject(1775, 1429.2978, 2622.5837, 11.4896, 0.0000, 0.0000, 90.0000);
CreateDynamicObject(956, 1437.7679, 2617.5368, 10.8023, 0.0000, 0.0000, 630.0000);
CreateDynamicObject(2754, 1429.3365, 2618.0292, 11.3634, 0.0000, 0.0000, 175.0000);
CreateDynamicObject(1361, 1437.5367, 2622.9248, 11.1358, 0.0000, 0.0000, 0.0000);
CreateDynamicObject(1361, 1429.4099, 2647.5522, 11.1386, 0.0000, 0.0000, 0.0000);
CreateDynamicObject(2240, 2371.1259, 2306.6542, 7.7388, 0.0000, 0.0000, 0.0000);
CreateDynamicObject(1256, 2383.0600, 2306.4494, 7.8000, -0.3030, 0.0000, 630.0000);
CreateDynamicObject(2240, 2381.2675, 2306.8139, 7.7388, 0.0000, 0.0000, 0.0000);
CreateDynamicObject(1359, 1440.4377, 2624.3522, 11.0986, 0.0000, 0.0000, 0.0000);
CreateDynamicObject(3802, 1428.5472, 2617.1179, 14.5698, 0.0000, 0.0000, 630.0000);
CreateDynamicObject(3802, 1438.4377, 2617.1184, 14.7861, 0.0000, 0.0000, 630.0000);
CreateDynamicObject(3802, 1428.5212, 2623.2978, 14.6091, 0.0000, 0.0000, 90.0000);
CreateDynamicObject(3802, 1438.4647, 2623.2976, 14.5347, 0.0000, 0.0000, 90.0000);
CreateDynamicObject(1359, 1439.4427, 2644.1337, 11.0909, 0.0000, 0.0000, 0.0000);
CreateDynamicObject(1364, 1442.9289, 2624.0485, 11.1773, 0.0000, 0.0000, 180.0000);
CreateDynamicObject(2240, 2384.8515, 2306.8569, 7.7388, 0.0000, 0.0000, 0.0000);
CreateDynamicObject(1359, 1428.4018, 2644.0351, 11.0909, 0.0000, 0.0000, 0.0000);
CreateDynamicObject(1364, 1425.2147, 2624.0019, 11.1815, 0.0000, 0.0000, 180.0000);
CreateDynamicObject(1359, 1427.6794, 2624.5893, 11.0979, 0.0000, 0.0000, 0.0000);
CreateDynamicObject(1257, 1449.4112, 2667.0939, 11.0993, 0.0000, 0.0000, 630.0000);
CreateDynamicObject(1257, 2780.8574, 1319.7589, 11.1773, 0.0000, 0.0000, 90.0000);
CreateDynamicObject(1257, 2028.3457, 1018.4824, 11.0993, 0.0000, 0.0000, 180.0000);
CreateDynamicObject(1257, 2276.2905, 2424.3593, 11.0993, 0.0000, 0.0000, 90.0000);
CreateDynamicObject(1257, 2376.5053, 2463.9514, 11.0993, 0.0000, 0.0000, 0.0000);
CreateDynamicObject(1257, 2296.3491, 2340.4692, 11.0993, 0.0000, 0.0000, 0.0000);
CreateDynamicObject(1257, 1638.7441, 1850.3143, 11.0993, 0.0000, 0.0000, 180.0000);
CreateDynamicObject(1257, -242.3892, -252.2462, 1.7158, 0.0000, 0.0000, 390.0000);
CreateDynamicObject(1257, 191.2469, -233.4911, 1.8573, 0.0000, 0.0000, 0.0000);
CreateDynamicObject(1257, 142.0101, -93.5886, 1.8573, 0.0000, 0.0000, 0.0000);
CreateDynamicObject(1257, 1238.9516, 338.1794, 19.8337, 0.0000, 0.0000, 605.0000);
CreateDynamicObject(1257, 1311.9394, 363.6928, 19.8337, 0.0000, 0.0000, 605.0000);
CreateDynamicObject(1257, 1360.4138, 263.1897, 19.8338, 0.0000, 0.0000, 340.0000);
CreateDynamicObject(1359, 1231.5515, 217.8068, 19.2532, 0.0000, 0.0000, 0.0000);
CreateDynamicObject(1257, 635.0958, -566.3178, 16.6151, 0.0000, 0.0000, 183.0000);
CreateDynamicObject(1257, 690.5723, -478.8536, 16.6151, 0.0000, 0.0000, 90.0000);
CreateDynamicObject(1257, 1401.6997, 840.7996, -95.2527, 0.0000, 0.0000, 630.0000);
CreateDynamicObject(1257, 2729.9255, 2036.4530, -15.4238, 0.0000, 0.0000, 0.0000);
CreateDynamicObject(1257, 2594.5407, 2555.5615, -10.5565, 0.0000, 0.0000, 50.0000);
CreateDynamicObject(1257, 2085.8354, 1402.5085, 11.0993, 0.0000, 0.0000, 0.0000);
CreateDynamicObject(1346, 1722.4564, 1532.7718, 11.2131, 0.0000, 0.0000, 90.0000);
CreateDynamicObject(1346, 1731.8006, 1476.2215, 11.1709, 0.0000, 0.0000, 615.0000);
CreateDynamicObject(1346, 1721.5350, 1418.7591, 10.9916, 0.0000, 0.0000, 640.0000);
CreateDynamicObject(1346, 1712.3735, 1381.0061, 10.9916, 0.0000, 0.0000, 110.0000);
CreateDynamicObject(1346, 1717.4676, 1366.3332, 10.9916, 0.0000, 0.0000, 110.0000);
CreateDynamicObject(1346, 1639.0847, 1853.7054, 11.1709, 0.0000, 0.0000, 90.0000);
CreateDynamicObject(1346, 2376.7131, 2460.7602, 11.1709, 0.0000, 0.0000, 630.0000);
CreateDynamicObject(1346, 2296.5866, 2337.0939, 11.2719, 0.0000, 0.0000, 630.0000);
CreateDynamicObject(1346, 2278.4335, 2318.6640, 11.1709, 0.0000, 0.0000, 90.0000);
CreateDynamicObject(1346, 2783.9973, 1319.4967, 11.2494, 0.0000, 0.0000, 0.0000);
CreateDynamicObject(1346, 1452.5528, 2666.8095, 11.1709, 0.0000, 0.0000, 180.0000);
CreateDynamicObject(1346, -305.6455, 2702.4458, 38.8283, 0.0000, 0.0000, 0.0000);
CreateDynamicObject(1257, -306.9020, 2692.7424, 62.9738, 0.0000, 0.0000, 630.0000);
CreateDynamicObject(1346, -303.5979, 2693.0769, 63.0385, 0.0000, 0.0000, 180.0000);
CreateDynamicObject(1257, -763.7586, 2740.0002, 46.0974, 0.0000, 0.0000, 90.0000);
CreateDynamicObject(1346, -760.4273, 2739.7304, 46.2540, 0.0000, 0.0000, 0.0000);
CreateDynamicObject(1346, -1478.5013, 2678.2548, 56.1851, 0.0000, 0.0000, 0.0000);
CreateDynamicObject(1257, -1481.5621, 2678.6174, 56.1842, 0.0000, 0.0000, 90.0000);
CreateDynamicObject(1346, -836.4639, 1486.5400, -14.5530, 0.0000, 0.0000, 0.0000);
CreateDynamicObject(1257, -892.5510, 1505.2098, 10.6182, 0.0000, 0.0000, 390.0000);
CreateDynamicObject(1257, -84.7033, 1207.3752, 19.7381, 0.0000, 0.0000, 90.0000);
CreateDynamicObject(1346, -88.0304, 1206.9377, 20.2789, 0.0000, 0.0000, 0.0000);
CreateDynamicObject(1346, 1236.2727, 339.8656, 19.9055, 0.0000, 0.0000, 155.0000);
CreateDynamicObject(1257, 760.1898, 315.5979, 20.5449, 0.0000, 0.0000, 280.0000);
CreateDynamicObject(1346, 757.2149, 314.6795, 20.5853, 0.0000, 0.0000, 190.0000);
CreateDynamicObject(1346, 190.9841, -230.2333, 1.9291, 0.0000, 0.0000, 630.0000);
CreateDynamicObject(1346, 142.2716, -96.7182, 1.9291, 0.0000, 0.0000, 630.0000);
CreateDynamicObject(1346, -244.1748, -249.4517, 1.7805, 0.0000, 0.0000, 660.0000);
CreateDynamicObject(1527, -25.3803, 186.1743, -15.3114, 0.0000, 0.0000, 0.0000);
CreateDynamicObject(1257, -39.2677, 175.1020, 2.5460, 0.0000, 0.0000, 600.0000);
CreateDynamicObject(1346, -36.5399, 173.4689, 2.6475, 0.0000, 0.0000, 155.0000);
CreateDynamicObject(2253, 2377.6159, 2466.5905, 11.7412, 0.0000, 0.0000, 0.0000);
CreateDynamicObject(2253, 2381.6643, 2466.6479, 11.7319, 0.0000, 0.0000, 0.0000);
CreateDynamicObject(2253, 2381.5585, 2458.3815, 11.7319, 0.0000, 0.0000, 0.0000);
CreateDynamicObject(2253, 2377.6220, 2458.4201, 11.7339, 0.0000, 0.0000, 0.0000);
CreateDynamicObject(3802, 2389.3481, 2469.8254, 14.5797, 0.0000, 0.0000, 180.0000);
CreateDynamicObject(3802, 2389.3481, 2462.2397, 14.7587, 0.0000, 0.0000, 180.0000);
CreateDynamicObject(1256, 2379.8710, 2476.3435, 10.4797, -0.3030, 0.0000, 90.0000);
CreateDynamicObject(1256, 2379.9804, 2449.8574, 10.4797, 0.0000, 0.0000, 270.0000);
CreateDynamicObject(2754, 2388.8630, 2469.6381, 10.7222, 0.0000, 0.0000, 0.0000);
CreateDynamicObject(1775, 2388.7290, 2462.3364, 10.9644, 0.0000, 0.0000, 630.0000);
CreateDynamicObject(1359, 2377.9846, 2476.5944, 10.5186, 0.0000, 0.0000, 0.0000);
CreateDynamicObject(1256, 2380.2202, 2467.3273, 10.4797, 0.0000, 0.0000, 270.0000);
CreateDynamicObject(1359, 2378.4038, 2467.3923, 10.5186, 0.0000, 0.0000, 0.0000);
CreateDynamicObject(1256, 2380.0976, 2457.7707, 10.4797, 0.0000, 0.0000, 90.0000);
CreateDynamicObject(1359, 2378.0173, 2457.7993, 10.5186, 0.0000, 0.0000, 0.0000);
CreateDynamicObject(1359, 2377.9899, 2449.8891, 10.5186, 0.0000, 0.0000, 0.0000);
CreateDynamicObject(1256, 2382.4851, 2436.4143, 10.4797, 0.0000, 0.0000, 540.0000);
CreateDynamicObject(1256, 2388.9252, 2436.2919, 10.4797, 0.0000, 0.0000, 360.0000);
CreateDynamicObject(3802, 2381.9829, 2438.2763, 10.5804, 0.0000, 0.0000, 0.0000);
CreateDynamicObject(3802, 2381.9829, 2434.5224, 10.5663, 0.0000, 0.0000, 0.0000);
CreateDynamicObject(3802, 2389.3476, 2438.1923, 10.5136, 0.0000, 0.0000, 180.0000);
CreateDynamicObject(3802, 2389.3481, 2434.3537, 10.5193, 0.0000, 0.0000, 180.0000);
CreateDynamicObject(1256, 2401.9523, 2306.5681, 7.7607, -0.3030, 0.0000, 630.0000);
CreateDynamicObject(2240, 2400.0451, 2306.7543, 7.7775, 0.0000, 0.0000, 0.0000);
CreateDynamicObject(2240, 2403.7260, 2306.5576, 7.7388, 0.0000, 0.0000, 0.0000);
CreateDynamicObject(870, 2324.9887, 2337.9807, 10.1034, 0.0000, 0.0000, 0.0000);
CreateDynamicObject(870, 2327.3920, 2335.7097, 10.2727, 0.0000, 0.0000, 0.0000);
CreateDynamicObject(870, 2328.8376, 2336.6245, 9.9947, 0.0000, 0.0000, 0.0000);
CreateDynamicObject(870, 2323.3967, 2333.7033, 10.1393, 0.0000, 0.0000, 0.0000);
CreateDynamicObject(1256, 2354.6940, 2306.7185, 7.8000, -0.3030, 0.0000, 630.0000);
CreateDynamicObject(2240, 2356.5632, 2307.0014, 7.7340, 0.0000, 0.0000, 0.0000);
CreateDynamicObject(2240, 2353.0239, 2306.8889, 7.7388, 0.0000, 0.0000, 0.0000);
CreateDynamicObject(1346, 2279.5568, 2423.8300, 11.1709, 0.0000, 0.0000, 0.0000);
CreateDynamicObject(2754, 191.9290, -116.3656, 1.4427, 0.0000, 0.0000, -90.0000);
CreateDynamicObject(3802, 1596.0290, 1827.1883, 13.9195, 0.0000, 0.0000, 90.0000);
CreateDynamicObject(3802, 1618.7192, 1827.3260, 13.8837, 0.0000, 0.0000, 90.0000);
CreateDynamicObject(1360, 1607.3492, 1825.1485, 10.5923, 0.0000, 0.0000, 90.0000);
CreateDynamicObject(1360, 1617.7491, 1825.0487, 10.5923, 0.0000, 0.0000, 90.0000);
CreateDynamicObject(1360, 1597.9880, 1825.3620, 10.5923, 0.0000, 0.0000, 90.0000);
CreateDynamicObject(1256, 1637.8951, 1824.8714, 10.4797, -0.3030, 0.0000, 180.0000);
CreateDynamicObject(1256, 1637.8492, 1841.7906, 10.4797, -0.3030, 0.0000, 180.0000);
CreateDynamicObject(2240, 1637.8238, 1839.9626, 10.4181, 0.0000, 0.0000, 0.0000);
CreateDynamicObject(2240, 1637.7452, 1843.7434, 10.4181, 0.0000, 0.0000, 0.0000);
CreateDynamicObject(2240, 1637.8680, 1823.0815, 10.4181, 0.0000, 0.0000, 0.0000);
CreateDynamicObject(2240, 1638.0625, 1826.7259, 10.4708, 0.0000, 0.0000, 0.0000);
CreateDynamicObject(967, 1636.0312, 1839.1350, 9.8203, 0.0000, 0.0000, 180.0000);
CreateDynamicObject(2754, 1619.4056, 1819.4726, 10.7222, 0.0000, 0.0000, -90.0000);
CreateDynamicObject(2754, 175.7126, -98.7873, 1.4436, 0.0000, 0.0000, 90.0000);
CreateDynamicObject(1256, 2282.4897, 2432.4125, 10.4797, 0.0000, 0.0000, 450.0000);
CreateDynamicObject(1359, 2284.2766, 2432.3850, 10.5186, 0.0000, 0.0000, 0.0000);
CreateDynamicObject(1256, 2297.6325, 2432.3005, 10.4797, 0.0000, 0.0000, 450.0000);
CreateDynamicObject(1359, 2295.7180, 2432.3671, 10.5186, 0.0000, 0.0000, 0.0000);
CreateDynamicObject(2754, 2335.1960, 2459.2531, 14.8708, 0.0000, 0.0000, 450.0000);
CreateDynamicObject(1775, 2345.4506, 2459.2463, 15.0656, 0.0000, 0.0000, 360.0000);
CreateDynamicObject(1256, 2350.1264, 2455.1779, 14.6281, 0.0000, 0.0000, 360.0000);
CreateDynamicObject(2754, 2285.5002, 2432.2211, 10.7222, 0.0000, 0.0000, 90.0000);
CreateDynamicObject(1359, 2350.1186, 2453.3247, 14.6673, 0.0000, 0.0000, 0.0000);
CreateDynamicObject(1346, 2028.6787, 1021.7655, 11.1711, 0.0000, 0.0000, 450.0000);
CreateDynamicObject(1361, 2020.3835, 1016.4677, 10.5635, 0.0000, 0.0000, 0.0000);
CreateDynamicObject(994, 2037.3398, 998.5972, 9.9158, 0.0000, 0.0000, 630.0000);
CreateDynamicObject(994, 2037.2253, 1003.5980, 9.9158, 0.0000, 0.0000, 630.0000);
CreateDynamicObject(994, 2037.3015, 1008.7819, 9.9158, 0.0000, 0.0000, 630.0000);
CreateDynamicObject(994, 2037.2833, 1013.0703, 9.9158, 0.0000, 0.0000, 630.0000);
CreateDynamicObject(994, 2037.2612, 1016.8751, 9.9158, 0.0000, 0.0000, 630.0000);
CreateDynamicObject(994, 2037.2479, 1021.1773, 9.9158, 0.0000, 0.0000, 630.0000);
CreateDynamicObject(994, 2037.2983, 1026.1717, 9.9158, 0.0000, 0.0000, 630.0000);
CreateDynamicObject(1361, 2020.3382, 998.9995, 10.5635, 0.0000, 0.0000, 0.0000);
CreateDynamicObject(1256, 2019.3635, 1012.7177, 10.4797, 0.0000, 0.0000, 180.0000);
CreateDynamicObject(1256, 2019.3645, 1002.9226, 10.4797, 0.0000, 0.0000, 180.0000);
CreateDynamicObject(1359, 2019.3624, 1014.6137, 10.5186, 0.0000, 0.0000, 0.0000);
CreateDynamicObject(1359, 2019.5063, 1001.0294, 10.5186, 0.0000, 0.0000, 0.0000);
CreateDynamicObject(2754, 2019.4010, 1005.2644, 10.7222, 0.0000, 0.0000, 180.0000);
CreateDynamicObject(1775, 2019.0306, 1010.3375, 10.9173, 0.0000, 0.0000, 90.0000);
CreateDynamicObject(3802, 2016.6180, 1936.3122, 17.6620, 0.0000, 0.0000, 0.0000);
CreateDynamicObject(3802, 2016.6180, 1896.5067, 17.5153, 0.0000, 0.0000, 0.0000);
CreateDynamicObject(1361, 2017.1551, 1896.6761, 12.0816, 0.0000, 0.0000, 0.0000);
CreateDynamicObject(1361, 2016.9327, 1936.2021, 12.0867, 0.0000, 0.0000, 0.0000);
CreateDynamicObject(1360, 2029.0926, 1906.8292, 12.0419, 0.0000, 0.0000, 0.0000);
CreateDynamicObject(1360, 2029.0881, 1915.9039, 12.1062, 0.0000, 0.0000, 0.0000);
CreateDynamicObject(1360, 2029.0135, 1925.6933, 12.0657, 0.0000, 0.0000, 0.0000);
CreateDynamicObject(1256, 2022.7790, 1936.3896, 11.9491, 0.0000, 0.0000, 90.0000);
CreateDynamicObject(1256, 2029.0936, 1936.2600, 11.8823, 0.0000, 0.0000, 90.0000);
CreateDynamicObject(1359, 2030.8719, 1936.2207, 11.9026, 0.0000, 0.0000, 0.0000);
CreateDynamicObject(1359, 2024.6274, 1936.2473, 11.9694, 0.0000, 0.0000, 0.0000);
CreateDynamicObject(2754, 2027.8686, 1896.4663, 12.1315, 0.0000, 0.0000, 270.0000);
CreateDynamicObject(1775, 2023.7838, 1896.4863, 12.3677, 0.0000, 0.0000, 180.0000);
CreateDynamicObject(1256, 2025.7978, 1896.4858, 11.9097, 0.0000, 0.0000, 270.0000);
CreateDynamicObject(1256, 2108.1970, 1884.4100, 10.4797, 0.0000, 0.0000, 540.0000);
CreateDynamicObject(1256, 2108.1630, 1896.6374, 10.4797, 0.0000, 0.0000, 540.0000);
CreateDynamicObject(1256, 2108.2019, 1911.0008, 10.4797, 0.0000, 0.0000, 540.0000);
CreateDynamicObject(1256, 2108.2468, 1931.9405, 10.4797, 0.0000, 0.0000, 540.0000);
CreateDynamicObject(1256, 2108.3146, 1956.9222, 10.5075, 0.0000, 0.0000, 540.0000);
CreateDynamicObject(1359, 2108.6525, 1886.3675, 10.5186, 0.0000, 0.0000, 0.0000);
CreateDynamicObject(1359, 2108.5795, 1898.5393, 10.5186, 0.0000, 0.0000, 0.0000);
CreateDynamicObject(1359, 2108.4672, 1912.7816, 10.5186, 0.0000, 0.0000, 0.0000);
CreateDynamicObject(1359, 2108.3574, 1933.7822, 10.5186, 0.0000, 0.0000, 0.0000);
CreateDynamicObject(1359, 2108.3918, 1958.7047, 10.5503, 0.0000, 0.0000, 0.0000);
CreateDynamicObject(1256, -177.9015, 2725.8522, 62.3469, 0.0000, 0.0000, 360.0000);
CreateDynamicObject(1359, -178.0565, 2724.0224, 62.3860, 0.0000, 0.0000, 0.0000);
CreateDynamicObject(1256, -218.4060, 2761.0087, 62.3469, 0.0000, 0.0000, 90.0000);
CreateDynamicObject(1359, -216.6217, 2760.9401, 62.3860, 0.0000, 0.0000, 0.0000);
CreateDynamicObject(1256, -266.5507, 2728.1782, 62.3469, 0.0000, 0.0000, 180.0000);
CreateDynamicObject(1359, -266.5285, 2730.1359, 62.3860, 0.0000, 0.0000, 0.0000);
CreateDynamicObject(1256, -283.5498, 2710.7517, 62.3469, 0.0000, 0.0000, 90.0000);
CreateDynamicObject(1359, -281.7232, 2710.8620, 62.5777, 0.0000, 0.0000, 0.0000);
CreateDynamicObject(1256, -339.7705, 2708.7680, 62.6453, 0.0000, 0.0000, 95.0000);
CreateDynamicObject(1359, -337.7832, 2708.4504, 62.9808, 0.0000, 0.0000, 0.0000);
CreateDynamicObject(1256, -177.3820, 2684.8164, 62.3469, 0.0000, 0.0000, 360.0000);
CreateDynamicObject(1359, -177.3802, 2683.0354, 62.3860, 0.0000, 0.0000, 0.0000);
CreateDynamicObject(1257, -208.0299, 2627.7329, 63.3280, 0.0000, 0.0000, 630.0000);
CreateDynamicObject(1346, -204.8350, 2627.3813, 63.4403, 0.0000, 0.0000, 180.0000);
CreateDynamicObject(1256, -196.5044, 2726.4748, 62.3469, 0.0000, 0.0000, 180.0000);
CreateDynamicObject(1359, -196.5013, 2728.2370, 62.3860, 0.0000, 0.0000, 0.0000);
CreateDynamicObject(1257, -1526.4935, 2542.1665, 56.1151, 0.0000, 0.0000, 630.0000);
CreateDynamicObject(1346, -1529.6419, 2542.4289, 56.1869, 0.0000, 0.0000, 180.0000);
CreateDynamicObject(1256, -220.3011, 2741.6298, 62.3469, 0.0000, 0.0000, 630.0000);
CreateDynamicObject(1359, -218.4721, 2741.6210, 62.3860, 0.0000, 0.0000, 0.0000);
CreateDynamicObject(1256, -196.7879, 2670.1994, 62.3469, 0.0000, 0.0000, 180.0000);
CreateDynamicObject(1256, -1466.3430, 2680.5688, 55.4953, 0.0000, 0.0000, 90.0000);
CreateDynamicObject(1359, -1464.5723, 2680.4804, 55.5344, 0.0000, 0.0000, 0.0000);
CreateDynamicObject(1256, -225.0614, 2691.5756, 62.3469, 0.0000, 0.0000, 270.0000);
CreateDynamicObject(1256, -247.5043, 2671.1000, 62.3469, 0.0000, 0.0000, 720.0000);
CreateDynamicObject(1256, -1536.3050, 2645.8361, 55.4953, 0.0000, 0.0000, 360.0000);
CreateDynamicObject(1359, -196.8538, 2672.0651, 62.3860, 0.0000, 0.0000, 0.0000);
CreateDynamicObject(1359, -1536.3586, 2644.0573, 55.5344, 0.0000, 0.0000, 0.0000);
CreateDynamicObject(1256, -1486.2550, 2565.8920, 55.4953, 0.0000, 0.0000, 360.0000);
CreateDynamicObject(1359, -226.8666, 2691.4980, 62.3860, 0.0000, 0.0000, 0.0000);
CreateDynamicObject(1359, -247.3613, 2669.1867, 62.3860, 0.0000, 0.0000, 0.0000);
CreateDynamicObject(1359, -1486.2955, 2563.9641, 55.5344, 0.0000, 0.0000, 0.0000);
CreateDynamicObject(1256, -787.8118, 2762.6428, 45.3214, 0.0000, 0.0000, 180.0000);
CreateDynamicObject(1256, -787.5885, 2752.4042, 45.3194, 0.0000, 0.0000, 180.0000);
CreateDynamicObject(1256, -772.1079, 2763.3996, 45.4002, 0.0000, 0.0000, 90.0000);
CreateDynamicObject(1256, -762.5208, 2763.5153, 45.4328, 0.0000, 0.0000, 90.0000);
CreateDynamicObject(1359, -787.8225, 2760.7778, 45.3606, 0.0000, 0.0000, 0.0000);
CreateDynamicObject(1359, -787.6505, 2754.1806, 45.3591, 0.0000, 0.0000, 0.0000);
CreateDynamicObject(1359, -770.3317, 2763.4848, 45.4527, 0.0000, 0.0000, 0.0000);
CreateDynamicObject(1359, -764.4298, 2763.3256, 45.4719, 0.0000, 0.0000, 0.0000);
CreateDynamicObject(1256, -1416.3751, 2622.4829, 55.4953, 0.0000, 0.0000, 360.0000);
CreateDynamicObject(1359, -1416.4586, 2620.7009, 55.5344, 0.0000, 0.0000, 0.0000);
CreateDynamicObject(1256, -1435.5247, 2637.8869, 55.4953, 0.0000, 0.0000, 180.0000);
CreateDynamicObject(1359, -1435.5096, 2639.6455, 55.5344, 0.0000, 0.0000, 0.0000);
CreateDynamicObject(1257, -2459.4228, 2442.5671, 15.5636, 0.0000, 0.0000, 90.0000);
CreateDynamicObject(1346, -2456.3041, 2442.2434, 15.3926, 0.0000, 0.0000, 0.0000);
CreateDynamicObject(1256, -2376.7956, 2434.1838, 8.6760, 0.0000, 0.0000, 60.0000);
CreateDynamicObject(1359, -2375.2155, 2433.3459, 8.5947, 0.0000, 0.0000, 0.0000);
CreateDynamicObject(1256, -2345.9060, 2414.2922, 6.2224, 0.0000, 0.0000, 50.0000);
CreateDynamicObject(1359, -2344.4689, 2413.1962, 6.1973, 0.0000, 0.0000, 0.0000);
CreateDynamicObject(1256, -2273.3481, 2363.7199, 4.7824, 0.0000, 0.0000, 50.0000);
CreateDynamicObject(1359, -2271.9555, 2362.5131, 4.8184, 0.0000, 0.0000, 0.0000);
CreateDynamicObject(1257, -2482.4111, 2269.9958, 5.2635, 0.0000, 0.0000, 90.0000);
CreateDynamicObject(1346, -2479.3002, 2269.6630, 5.3353, 0.0000, 0.0000, 0.0000);
CreateDynamicObject(1256, -2418.7478, 2347.6003, 4.6298, 0.0000, 0.0000, 101.0000);
CreateDynamicObject(1359, -2417.0024, 2347.9252, 4.6701, 0.0000, 0.0000, 0.0000);
CreateDynamicObject(1256, -2572.5332, 2315.9350, 4.6438, 0.0000, 0.0000, 180.0000);
CreateDynamicObject(1359, -2572.4470, 2317.7661, 4.6829, 0.0000, 0.0000, 0.0000);
CreateDynamicObject(1344, -2357.4980, 2422.3486, 7.4116, 0.0000, 0.0000, 320.0000);
CreateDynamicObject(1344, -2389.0991, 2438.5004, 9.9639, 0.0000, 0.0000, 340.0000);
CreateDynamicObject(1344, -2416.2531, 2443.4904, 12.3565, 0.0000, 0.0000, 360.0000);
CreateDynamicObject(1344, -2467.0937, 2442.3977, 15.2729, 0.0000, 0.0000, 360.0000);
CreateDynamicObject(1344, -2437.4538, 2343.8920, 4.6212, 0.0000, 0.0000, 375.0000);
CreateDynamicObject(1344, -2571.1193, 2304.6320, 4.6353, 0.0000, 0.0000, 100.0000);
CreateDynamicObject(1344, -2546.2951, 2271.9477, 4.6434, 0.0000, 0.0000, 170.0000);
CreateDynamicObject(1344, -2528.4724, 2264.8781, 4.6353, 0.0000, 0.0000, 160.0000);
CreateDynamicObject(1344, -2623.1872, 2287.8132, 7.9322, 0.0000, 0.0000, 90.0000);
CreateDynamicObject(1344, -2623.2724, 2306.4436, 8.0568, 0.0000, 0.0000, 90.0000);
CreateDynamicObject(1344, -2623.1145, 2321.3293, 7.9329, 0.0000, 0.0000, 90.0000);
CreateDynamicObject(1344, -2623.3161, 2344.0449, 8.4014, 0.0000, 0.0000, 90.0000);
CreateDynamicObject(1344, -2623.3598, 2360.6057, 8.4355, 0.0000, 0.0000, 90.0000);
CreateDynamicObject(1344, -2622.3837, 2389.9528, 10.3267, 0.0000, 0.0000, 90.0000);
CreateDynamicObject(1344, -2618.8713, 2413.1003, 12.8768, 0.0000, 0.0000, 80.0000);
CreateDynamicObject(1344, -2421.2209, 2424.8115, 12.6762, 0.0000, 0.0000, 180.0000);
CreateDynamicObject(1344, -2380.4987, 2413.6813, 8.2758, 0.0000, 0.0000, 160.0000);
CreateDynamicObject(1344, -2473.3610, 2423.1279, 15.4249, 0.0000, 0.0000, 190.0000);
CreateDynamicObject(1344, -2606.7241, 2348.5268, 8.1724, 0.0000, 0.0000, 630.0000);
CreateDynamicObject(1257, -839.3692, 1611.3917, 27.3963, 0.0000, 0.0000, 630.0000);
CreateDynamicObject(1346, -842.5886, 1611.5231, 27.4633, 0.0000, 0.0000, 540.0000);
CreateDynamicObject(1257, -770.3101, 1486.2756, 24.7035, 0.0000, 0.0000, 630.0000);
CreateDynamicObject(1346, -773.4618, 1486.1962, 24.5827, 0.0000, 0.0000, 540.0000);
CreateDynamicObject(1256, -778.7402, 1527.6199, 26.7691, 0.0000, 0.0000, 630.0000);
CreateDynamicObject(1359, -780.6164, 1527.2917, 26.8111, 0.0000, 0.0000, 0.0000);
CreateDynamicObject(1256, -798.8983, 1552.3050, 26.7766, 0.0000, 0.0000, 360.0000);
CreateDynamicObject(1359, -799.0515, 1550.5712, 26.8157, 0.0000, 0.0000, 0.0000);
CreateDynamicObject(1256, -789.7739, 1582.3901, 26.6258, 0.0000, 0.0000, 90.0000);
CreateDynamicObject(1359, -788.0206, 1582.3063, 26.6631, 0.0000, 0.0000, 0.0000);
CreateDynamicObject(1257, -249.8893, 1027.2030, 20.0213, 0.0000, 0.0000, 90.0000);
CreateDynamicObject(1346, -246.5808, 1026.7960, 19.9685, 0.0000, 0.0000, 0.0000);
CreateDynamicObject(1257, -241.4697, 1207.4346, 20.0213, 0.0000, 0.0000, 90.0000);
CreateDynamicObject(1346, -238.3886, 1207.1253, 20.0931, 0.0000, 0.0000, 0.0000);
CreateDynamicObject(1256, -251.1882, 1008.5834, 19.4016, 0.0000, 0.0000, 630.0000);
CreateDynamicObject(1359, -253.0534, 1008.6766, 19.4407, 0.0000, 0.0000, 0.0000);
CreateDynamicObject(1256, -227.2516, 1008.7754, 19.4016, 0.0000, 0.0000, 630.0000);
CreateDynamicObject(1359, -229.1175, 1008.7159, 19.4407, 0.0000, 0.0000, 0.0000);
CreateDynamicObject(1256, -100.8672, 1088.9511, 19.4016, 0.0000, 0.0000, 630.0000);
CreateDynamicObject(1359, -102.6838, 1088.8083, 19.4407, 0.0000, 0.0000, 0.0000);
CreateDynamicObject(1344, 72.2838, 1188.8825, 18.6084, 0.0000, 0.0000, 180.0000);
CreateDynamicObject(1344, -18.8988, 1107.8713, 19.6317, 0.0000, 0.0000, 360.0000);
CreateDynamicObject(1344, -37.8462, 1107.6213, 19.3931, 0.0000, 0.0000, 360.0000);
CreateDynamicObject(1344, 11.8324, 1108.7401, 19.4255, 0.0000, 0.0000, 360.0000);
CreateDynamicObject(1344, -34.7232, 1033.7203, 19.4237, 0.0000, 0.0000, 360.0000);
CreateDynamicObject(1344, -68.6321, 1208.0203, 19.3931, 0.0000, 0.0000, 360.0000);
CreateDynamicObject(1344, -33.9979, 1087.9042, 19.4097, 0.0000, 0.0000, 180.0000);
CreateDynamicObject(1344, -257.7985, 1188.7598, 19.3931, 0.0000, 0.0000, 180.0000);
CreateDynamicObject(1344, -265.1763, 1149.7972, 19.4169, 0.0000, 0.0000, 630.0000);
CreateDynamicObject(1344, -265.1048, 1124.1306, 19.4316, 0.0000, 0.0000, 630.0000);
CreateDynamicObject(1344, -253.2342, 1087.9333, 19.4316, 0.0000, 0.0000, 180.0000);
CreateDynamicObject(1344, -265.5829, 1045.1451, 19.3931, 0.0000, 0.0000, 630.0000);
CreateDynamicObject(1344, -246.7391, 1008.4696, 19.3931, 0.0000, 0.0000, 540.0000);
CreateDynamicObject(1344, -261.6382, 1008.1700, 19.3931, 0.0000, 0.0000, 540.0000);
CreateDynamicObject(1344, -208.6140, 1008.8461, 19.3931, 0.0000, 0.0000, 540.0000);
CreateDynamicObject(1344, -5.0378, 1078.6617, 19.3931, 0.0000, 0.0000, 630.0000);
CreateDynamicObject(1344, -296.8562, 1158.4277, 20.1398, 0.0000, 0.0000, 360.0000);
CreateDynamicObject(1344, -324.5501, 1158.6630, 19.4385, 0.0000, 0.0000, 360.0000);
CreateDynamicObject(1344, -330.1675, 1137.9221, 19.3908, 0.0000, 0.0000, 180.0000);
CreateDynamicObject(1344, -355.8971, 1132.2497, 19.4420, 0.0000, 0.0000, 90.0000);
CreateDynamicObject(1344, -355.8963, 1110.7554, 19.4160, 0.0000, 0.0000, 90.0000);
CreateDynamicObject(1344, -300.3905, 1108.8094, 19.3931, 0.0000, 0.0000, 360.0000);
CreateDynamicObject(1257, 243.5341, -157.5798, 1.8573, 0.0000, 0.0000, 0.0000);
CreateDynamicObject(1346, 243.3379, -154.2477, 1.9291, 0.0000, 0.0000, 630.0000);
CreateDynamicObject(1344, 242.1826, -92.5336, 1.5613, 0.0000, 0.0000, 630.0000);
CreateDynamicObject(1344, 242.3226, -119.9455, 1.2291, 0.0000, 0.0000, 630.0000);
CreateDynamicObject(1344, 267.4922, -62.2632, 1.2291, 0.0000, 0.0000, 360.0000);
CreateDynamicObject(1344, 294.8064, -62.1267, 1.2291, 0.0000, 0.0000, 360.0000);
CreateDynamicObject(1344, 344.5154, -82.5485, 1.1664, 0.0000, 0.0000, 630.0000);
CreateDynamicObject(1344, 323.4704, -92.4209, 1.2291, 0.0000, 0.0000, 90.0000);
CreateDynamicObject(1344, 323.3578, -121.4708, 1.2291, 0.0000, 0.0000, 90.0000);
CreateDynamicObject(1344, 314.6538, 68.0167, 2.6820, 0.0000, 0.0000, 210.0000);
CreateDynamicObject(1346, 1359.5780, 260.1667, 19.9056, 0.0000, 0.0000, 250.0000);
CreateDynamicObject(1256, 1282.6762, 209.8645, 19.2141, 0.0000, 0.0000, 695.0000);
CreateDynamicObject(1359, 1281.7707, 208.2087, 19.2532, 0.0000, 0.0000, 0.0000);
CreateDynamicObject(1256, 1232.2164, 219.5023, 19.2141, 0.0000, 0.0000, 695.0000);
CreateDynamicObject(1256, 1213.9974, 302.1083, 19.2141, 0.0000, 0.0000, 695.0000);
CreateDynamicObject(1359, 1213.1934, 300.3280, 19.2532, 0.0000, 0.0000, 0.0000);
CreateDynamicObject(1256, 1243.4288, 280.1368, 19.2141, 0.0000, 0.0000, 65.0000);
CreateDynamicObject(1359, 1245.0203, 279.2700, 19.2532, 0.0000, 0.0000, 0.0000);
CreateDynamicObject(1257, 2275.5737, 132.9954, 26.7635, 0.0000, 0.0000, 270.0000);
CreateDynamicObject(1346, 2272.3056, 133.3629, 26.8353, 0.0000, 0.0000, 180.0000);
CreateDynamicObject(1257, 2268.4963, 33.3544, 26.7635, 0.0000, 0.0000, 270.0000);
CreateDynamicObject(1346, 2265.4494, 33.6739, 26.8353, 0.0000, 0.0000, 180.0000);
CreateDynamicObject(1344, 2395.1372, 100.9487, 26.3268, 0.0000, 0.0000, 0.0000);
CreateDynamicObject(1344, 2384.5305, 65.5721, 26.1353, 0.0000, 0.0000, 90.0000);
CreateDynamicObject(1344, 2384.5070, 42.5931, 26.1353, 0.0000, 0.0000, 90.0000);
CreateDynamicObject(1344, 2384.5288, 21.6561, 26.1353, 0.0000, 0.0000, 90.0000);
CreateDynamicObject(1344, 2384.7348, -1.3664, 26.1353, 0.0000, 0.0000, 90.0000);
CreateDynamicObject(1344, 2403.4201, -11.1033, 26.1353, 0.0000, 0.0000, 630.0000);
CreateDynamicObject(1344, 2403.4936, 8.3229, 26.1353, 0.0000, 0.0000, 630.0000);
CreateDynamicObject(1344, 2403.3530, 28.7286, 26.4097, 0.0000, 0.0000, 630.0000);
CreateDynamicObject(1344, 2544.0390, -7.6416, 26.1331, 0.0000, 0.0000, 630.0000);
CreateDynamicObject(1344, 2544.3405, 20.0163, 26.1781, 0.0000, 0.0000, 630.0000);
CreateDynamicObject(1344, 2543.2949, 59.6541, 26.1353, 0.0000, 0.0000, 630.0000);
CreateDynamicObject(1344, 2543.6345, 77.4653, 26.0811, 0.0000, 0.0000, 630.0000);
CreateDynamicObject(1344, 2543.5776, 96.7355, 26.1353, 0.0000, 0.0000, 630.0000);
CreateDynamicObject(1344, 2533.1367, 121.2379, 26.1408, 0.0000, 0.0000, 360.0000);
CreateDynamicObject(1344, 2515.3386, 121.0415, 26.1353, 0.0000, 0.0000, 360.0000);
CreateDynamicObject(1344, 2485.7216, 121.2168, 26.2098, 0.0000, 0.0000, 360.0000);
CreateDynamicObject(1344, 2472.7336, 121.9359, 26.1275, 0.0000, 0.0000, 360.0000);
CreateDynamicObject(1344, 2455.6301, 122.0598, 26.1617, 0.0000, 0.0000, 360.0000);
CreateDynamicObject(1344, 2454.3237, 97.3604, 26.1353, 0.0000, 0.0000, 90.0000);
CreateDynamicObject(1344, 2473.6315, 67.5053, 26.1353, 0.0000, 0.0000, 630.0000);
CreateDynamicObject(1344, 2482.3640, 101.2863, 26.1998, 0.0000, 0.0000, 180.0000);
CreateDynamicObject(1344, 2512.6313, 102.0719, 26.1353, 0.0000, 0.0000, 180.0000);
CreateDynamicObject(1344, 2524.4282, 61.7988, 26.1353, 0.0000, 0.0000, 90.0000);
CreateDynamicObject(1344, 2515.2160, 1.0293, 26.1353, 0.0000, 0.0000, 360.0000);
CreateDynamicObject(1344, 2485.9870, 1.2009, 26.1353, 0.0000, 0.0000, 360.0000);
CreateDynamicObject(1344, 2484.1157, -17.9203, 26.1353, 0.0000, 0.0000, 180.0000);
CreateDynamicObject(1344, 2513.3398, -17.8425, 26.1353, 0.0000, 0.0000, 180.0000);
CreateDynamicObject(1344, 2454.3891, 16.8377, 26.1353, 0.0000, 0.0000, 90.0000);
CreateDynamicObject(1344, 2442.7910, -18.8368, 26.1353, 0.0000, 0.0000, 360.0000);
CreateDynamicObject(1344, 2431.4604, -37.9430, 26.1353, 0.0000, 0.0000, 540.0000);
CreateDynamicObject(1344, 2411.5065, -38.5898, 26.1552, 0.0000, 0.0000, 540.0000);
CreateDynamicObject(1344, 2381.0168, -38.8013, 26.1649, 0.0000, 0.0000, 540.0000);
CreateDynamicObject(1344, 2375.8889, -38.7096, 26.1795, 0.0000, 0.0000, 540.0000);
CreateDynamicObject(1344, 2443.6584, 51.2882, 26.2930, 0.0000, 0.0000, 360.0000);
CreateDynamicObject(1344, 2424.7448, 51.2784, 26.1353, 0.0000, 0.0000, 360.0000);
CreateDynamicObject(1344, 2353.3869, 192.3176, 26.1112, 0.0000, 0.0000, 630.0000);
CreateDynamicObject(1344, 2353.4814, 163.2663, 26.1189, 0.0000, 0.0000, 630.0000);
CreateDynamicObject(1344, 2353.5510, 137.7844, 26.1257, 0.0000, 0.0000, 630.0000);
CreateDynamicObject(1344, 2353.5058, 113.8794, 26.1321, 0.0000, 0.0000, 630.0000);
CreateDynamicObject(1344, 2334.5996, 191.4453, 26.1390, 0.0000, 0.0000, 90.0000);
CreateDynamicObject(1344, 2334.3168, 160.9393, 26.1353, 0.0000, 0.0000, 90.0000);
CreateDynamicObject(1344, 2334.3088, 145.2252, 26.1353, 0.0000, 0.0000, 90.0000);
CreateDynamicObject(1344, 2334.1787, 115.1497, 26.1353, 0.0000, 0.0000, 90.0000);
CreateDynamicObject(1344, 2214.4128, 103.3414, 26.2125, 0.0000, 0.0000, 90.0000);
CreateDynamicObject(1344, 2214.3286, 66.6775, 26.1353, 0.0000, 0.0000, 90.0000);
CreateDynamicObject(1344, 2214.4042, -35.1537, 26.1353, 0.0000, 0.0000, 90.0000);
CreateDynamicObject(1344, 2213.4426, -73.7411, 26.0550, 0.0000, 0.0000, 90.0000);
CreateDynamicObject(1344, 2214.4477, -97.3765, 26.1353, 0.0000, 0.0000, 90.0000);
CreateDynamicObject(1344, 2242.0837, -107.8178, 26.1283, 0.0000, 0.0000, 180.0000);
CreateDynamicObject(1344, 2280.8491, -108.2722, 26.3094, 0.0000, 0.0000, 180.0000);
CreateDynamicObject(1344, 2287.6020, -108.6941, 26.1485, 0.0000, 0.0000, 180.0000);
CreateDynamicObject(1344, 2316.8913, -107.8805, 26.1327, 0.0000, 0.0000, 180.0000);
CreateDynamicObject(1344, 2253.9550, -18.8360, 26.1353, 0.0000, 0.0000, 720.0000);
CreateDynamicObject(1344, 2261.6459, -18.8209, 26.1353, 0.0000, 0.0000, 720.0000);
CreateDynamicObject(1344, 2283.2575, 151.2049, 26.1353, 0.0000, 0.0000, 720.0000);
CreateDynamicObject(1344, 2263.7438, 151.2303, 26.1353, 0.0000, 0.0000, 720.0000);
CreateDynamicObject(1344, 2243.4235, 151.3417, 26.1353, 0.0000, 0.0000, 720.0000);
CreateDynamicObject(1344, 2271.3210, 101.2555, 26.1353, 0.0000, 0.0000, 720.0000);
CreateDynamicObject(1344, 2256.7412, 101.4284, 26.1353, 0.0000, 0.0000, 720.0000);

//Actors
CreateDynamicActor(155, 141.0796, -117.4513, 550.0000, 0.0000);
CreateDynamicActor(167, 143.1076, -119.2108, 0.8780, 90.0000);
